function [X,time_data]=Input_data()
X=[0.205
0.337
0.718
1.008
1.198
1.303
1.59
1.658
1.903
2.19
2.237
2.48
2.887
3.15
3.254
3.335
3.42
3.49
3.528
3.548
3.57
];

time_data=[650
683
700
733
750
758
792
800
850
900
950
1000
1100
1150
1200
1250
1300
1350
1400
1450
1500
];
end